3.97,4.25,3.60,2.83,2.36,2.06,1.84,1.68,1.55,1.46,1.37,1.30,1.25,1.20,1.15,1.12,1.08,1.05,1.03,1.00
3.94,4.22,3.99,3.09,2.55,2.20,1.95,1.77,1.62,1.51,1.42,1.34,1.28,1.22,1.17,1.13,1.09,1.06,1.03,1.00
3.87,4.15,4.44,3.38,2.76,2.36,2.07,1.86,1.70,1.57,1.47,1.38,1.31,1.24,1.19,1.14,1.10,1.07,1.03,1.00
3.77,4.06,4.35,3.75,3.01,2.54,2.21,1.96,1.79,1.64,1.52,1.42,1.34,1.27,1.21,1.16,1.11,1.07,1.03,1.00
3.64,3.94,4.23,4.18,3.31,2.75,2.37,2.09,1.88,1.71,1.58,1.48,1.38,1.30,1.23,1.18,1.12,1.08,1.04,1.00
3.47,3.77,4.08,4.39,3.67,3.01,2.56,2.24,2.00,1.81,1.65,1.53,1.43,1.34,1.26,1.19,1.14,1.09,1.04,1.00
3.25,3.57,3.89,4.21,4.12,3.32,2.80,2.42,2.14,1.91,1.74,1.60,1.48,1.38,1.29,1.22,1.16,1.10,1.05,1.00
2.99,3.32,3.65,3.98,4.31,3.72,3.08,2.63,2.30,2.04,1.84,1.67,1.54,1.43,1.33,1.25,1.17,1.11,1.05,1.00
2.65,3.00,3.35,3.70,4.05,4.23,3.45,2.91,2.51,2.20,1.96,1.77,1.61,1.48,1.37,1.28,1.20,1.12,1.06,1.00
2.23,2.60,2.97,3.35,3.72,4.09,3.93,3.26,2.77,2.41,2.12,1.89,1.71,1.56,1.42,1.32,1.22,1.14,1.07,1.00
1.74,2.10,2.50,2.90,3.30,3.70,4.10,3.71,3.11,2.66,2.32,2.04,1.82,1.64,1.49,1.36,1.25,1.16,1.07,1.00
1.39,1.62,1.92,2.32,2.76,3.19,3.63,4.06,3.57,3.01,2.58,2.24,1.97,1.75,1.57,1.42,1.29,1.18,1.09,1.00
1.18,1.31,1.49,1.74,2.08,2.50,2.91,3.33,3.74,3.24,2.72,2.31,1.99,1.74,1.53,1.35,1.21,1.09,1.00,1.00
1.05,1.12,1.21,1.35,1.55,1.83,2.14,2.44,2.75,3.05,2.65,2.16,1.79,1.51,1.28,1.10,1.00,1.00,1.00,1.00
1.00,1.02,1.05,1.12,1.22,1.37,1.58,1.80,2.03,2.25,2.48,2.24,1.76,1.41,1.15,1.00,1.00,1.00,1.00,1.00
1.00,1.00,1.00,1.01,1.04,1.09,1.19,1.33,1.50,1.67,1.83,2.00,2.01,1.49,1.13,1.00,1.00,1.00,1.00,1.00
1.00,1.00,1.00,1.00,1.00,1.00,1.01,1.04,1.12,1.23,1.36,1.48,1.60,1.73,1.35,1.00,1.00,1.00,1.00,1.00
1.00,1.00,1.00,1.00,1.00,1.00,1.00,1.00,1.00,1.00,1.02,1.10,1.19,1.28,1.37,1.46,1.00,1.00,1.00,1.00
1.00,1.00,1.00,1.00,1.00,1.00,1.00,1.00,1.00,1.00,1.00,1.00,1.00,1.00,1.02,1.08,1.15,1.08,1.00,1.00
1.00,1.00,1.00,1.00,1.00,1.00,1.00,1.00,1.00,1.00,1.00,1.00,1.00,1.00,1.00,1.00,1.00,1.00,1.00,1.00
