3.20,3.39,3.58,3.02,2.51,2.17,1.93,1.75,1.61,1.50,1.41,1.33,1.27,1.21,1.17,1.13,1.09,1.06,1.03,1.00
3.17,3.37,3.56,3.30,2.71,2.31,2.05,1.84,1.68,1.56,1.46,1.37,1.30,1.24,1.18,1.14,1.10,1.06,1.03,1.00
3.13,3.32,3.51,3.63,2.94,2.48,2.17,1.94,1.76,1.62,1.51,1.41,1.33,1.26,1.21,1.15,1.11,1.07,1.04,1.00
3.06,3.26,3.45,3.65,3.20,2.68,2.32,2.06,1.85,1.70,1.56,1.46,1.37,1.29,1.23,1.17,1.12,1.08,1.04,1.00
2.97,3.17,3.37,3.58,3.53,2.92,2.49,2.19,1.96,1.78,1.63,1.51,1.41,1.33,1.25,1.19,1.13,1.08,1.04,1.00
2.86,3.06,3.27,3.48,3.69,3.20,2.71,2.35,2.08,1.87,1.71,1.57,1.46,1.36,1.28,1.21,1.15,1.10,1.05,1.00
2.71,2.93,3.14,3.36,3.57,3.55,2.96,2.54,2.23,1.99,1.80,1.64,1.51,1.40,1.31,1.23,1.17,1.10,1.05,1.00
2.53,2.75,2.98,3.20,3.43,3.65,3.28,2.78,2.41,2.13,1.90,1.72,1.58,1.46,1.35,1.26,1.18,1.12,1.06,1.00
2.30,2.54,2.77,3.01,3.25,3.49,3.69,3.08,2.63,2.30,2.04,1.83,1.66,1.51,1.40,1.29,1.20,1.13,1.06,1.00
2.02,2.27,2.52,2.77,3.02,3.28,3.53,3.47,2.93,2.52,2.21,1.96,1.75,1.59,1.45,1.33,1.23,1.14,1.07,1.00
1.66,1.93,2.20,2.47,2.74,3.01,3.28,3.55,3.31,2.81,2.42,2.12,1.88,1.68,1.52,1.38,1.27,1.17,1.08,1.00
1.34,1.53,1.79,2.08,2.38,2.67,2.97,3.26,3.56,3.21,2.72,2.34,2.05,1.81,1.61,1.44,1.31,1.19,1.09,1.00
1.15,1.26,1.41,1.62,1.90,2.22,2.55,2.88,3.21,3.54,3.13,2.65,2.27,1.97,1.73,1.53,1.36,1.22,1.10,1.00
1.04,1.09,1.17,1.29,1.45,1.68,1.95,2.23,2.51,2.79,3.07,2.70,2.24,1.88,1.60,1.38,1.20,1.05,1.00,1.00
1.00,1.01,1.04,1.09,1.17,1.29,1.46,1.67,1.88,2.08,2.29,2.50,2.23,1.78,1.45,1.19,1.00,1.00,1.00,1.00
1.00,1.00,1.00,1.00,1.02,1.06,1.14,1.25,1.41,1.56,1.72,1.87,2.03,1.91,1.45,1.12,1.00,1.00,1.00,1.00
1.00,1.00,1.00,1.00,1.00,1.00,1.00,1.02,1.08,1.17,1.29,1.41,1.53,1.64,1.76,1.22,1.00,1.00,1.00,1.00
1.00,1.00,1.00,1.00,1.00,1.00,1.00,1.00,1.00,1.00,1.01,1.06,1.15,1.24,1.33,1.41,1.12,1.00,1.00,1.00
1.00,1.00,1.00,1.00,1.00,1.00,1.00,1.00,1.00,1.00,1.00,1.00,1.00,1.00,1.00,1.06,1.13,1.20,1.00,1.00
1.00,1.00,1.00,1.00,1.00,1.00,1.00,1.00,1.00,1.00,1.00,1.00,1.00,1.00,1.00,1.00,1.00,1.00,1.00,1.00
