4.93,4.81,3.38,2.67,2.24,1.97,1.77,1.62,1.50,1.41,1.34,1.28,1.22,1.18,1.14,1.11,1.08,1.05,1.02,1.00
4.87,5.28,3.74,2.91,2.42,2.10,1.87,1.71,1.57,1.47,1.38,1.31,1.25,1.20,1.16,1.12,1.08,1.05,1.03,1.00
4.78,5.19,4.17,3.18,2.62,2.25,1.99,1.79,1.65,1.53,1.43,1.35,1.29,1.23,1.18,1.13,1.10,1.06,1.03,1.00
4.64,5.05,4.68,3.51,2.85,2.42,2.12,1.89,1.73,1.60,1.49,1.39,1.32,1.25,1.20,1.15,1.10,1.07,1.03,1.00
4.45,4.87,5.30,3.91,3.12,2.62,2.27,2.01,1.82,1.67,1.55,1.44,1.36,1.28,1.22,1.17,1.12,1.07,1.04,1.00
4.20,4.64,5.08,4.40,3.45,2.85,2.45,2.15,1.93,1.75,1.61,1.50,1.40,1.32,1.25,1.19,1.13,1.09,1.04,1.00
3.90,4.35,4.81,5.00,3.86,3.14,2.66,2.32,2.06,1.85,1.69,1.56,1.45,1.36,1.28,1.21,1.15,1.10,1.04,1.00
3.51,3.98,4.46,4.93,4.36,3.50,2.93,2.51,2.21,1.97,1.79,1.64,1.51,1.40,1.31,1.24,1.16,1.11,1.05,1.00
3.03,3.53,4.03,4.53,5.00,3.95,3.25,2.76,2.40,2.12,1.90,1.72,1.58,1.46,1.35,1.26,1.19,1.11,1.06,1.00
2.43,2.96,3.49,4.03,4.56,4.51,3.66,3.07,2.64,2.31,2.05,1.84,1.67,1.52,1.40,1.30,1.21,1.13,1.06,1.00
1.83,2.26,2.82,3.39,3.96,4.53,4.20,3.47,2.94,2.54,2.23,1.98,1.77,1.61,1.47,1.34,1.24,1.15,1.07,1.00
1.45,1.72,2.08,2.58,3.19,3.81,4.44,3.99,3.34,2.85,2.46,2.16,1.91,1.71,1.55,1.40,1.28,1.18,1.09,1.00
1.21,1.36,1.58,1.89,2.31,2.77,3.22,3.68,3.24,2.66,2.23,1.90,1.64,1.42,1.25,1.11,1.00,1.00,1.00,1.00
1.07,1.15,1.26,1.44,1.68,2.01,2.34,2.67,3.01,2.68,2.15,1.75,1.46,1.23,1.04,1.00,1.00,1.00,1.00,1.00
1.01,1.03,1.08,1.16,1.28,1.46,1.70,1.95,2.19,2.43,2.33,1.80,1.41,1.13,1.00,1.00,1.00,1.00,1.00,1.00
1.00,1.00,1.00,1.02,1.06,1.13,1.25,1.42,1.60,1.78,1.95,2.13,1.59,1.18,1.00,1.00,1.00,1.00,1.00,1.00
1.00,1.00,1.00,1.00,1.00,1.00,1.02,1.07,1.17,1.30,1.43,1.56,1.69,1.56,1.06,1.00,1.00,1.00,1.00,1.00
1.00,1.00,1.00,1.00,1.00,1.00,1.00,1.00,1.00,1.01,1.05,1.14,1.23,1.33,1.42,1.12,1.00,1.00,1.00,1.00
1.00,1.00,1.00,1.00,1.00,1.00,1.00,1.00,1.00,1.00,1.00,1.00,1.00,1.00,1.03,1.10,1.17,1.00,1.00,1.00
1.00,1.00,1.00,1.00,1.00,1.00,1.00,1.00,1.00,1.00,1.00,1.00,1.00,1.00,1.00,1.00,1.00,1.00,1.00,1.00
